[0m
       [38;2;235;219;178m::::::[0m                      [38;2;235;219;178m::::::[0m
   [38;2;254;128;25m+[38;2;235;219;178m:::[38;2;254;128;25m++++++[38;2;235;219;178m:::[0m                [38;2;235;219;178m:::[38;2;254;128;25m++++++[38;2;235;219;178m:::[38;2;146;131;116m=[0m
   [38;2;254;128;25m+[38;2;235;219;178m:::[38;2;254;128;25m++++++[38;2;235;219;178m:::[0m                [38;2;235;219;178m:::[38;2;254;128;25m++++++[38;2;235;219;178m:::[38;2;146;131;116m=[0m
   [38;2;254;128;25m+[38;2;235;219;178m:::[38;2;254;128;25m+++++++++[38;2;235;219;178m:::[0m          [38;2;235;219;178m:::[38;2;254;128;25m+++++++++[38;2;235;219;178m:::[38;2;146;131;116m=[0m
   [38;2;254;128;25m+[38;2;235;219;178m:::[38;2;254;128;25m++++++[38;2;146;131;116m======[38;2;102;92;84m----------[38;2;146;131;116m======[38;2;254;128;25m++++++[38;2;235;219;178m:::[38;2;146;131;116m=[0m
   [38;2;254;128;25m+[38;2;235;219;178m:::[38;2;254;128;25m++++++[38;2;146;131;116m======[38;2;235;219;178m::::::::::[38;2;146;131;116m======[38;2;254;128;25m++++++[38;2;235;219;178m:::[38;2;146;131;116m=[0m
   [38;2;254;128;25m+[38;2;235;219;178m:::[38;2;254;128;25m+++[38;2;146;131;116m============================[38;2;254;128;25m+++[38;2;235;219;178m:::[38;2;146;131;116m=[0m
   [38;2;254;128;25m+[38;2;235;219;178m:::[38;2;254;128;25m+++[38;2;146;131;116m============================[38;2;254;128;25m+++[38;2;235;219;178m:::[38;2;146;131;116m=[0m
[38;2;235;219;178m:::[38;2;102;92;84m-[38;2;146;131;116m======[38;2;250;189;47m%%%[38;2;146;131;116m======================[38;2;250;189;47m%%%[38;2;146;131;116m=======[38;2;235;219;178m:::[0m
[38;2;235;219;178m:::[38;2;102;92;84m-[38;2;146;131;116m===[38;2;250;189;47m%%%[38;2;251;241;199m...[38;2;250;189;47m%%%[38;2;146;131;116m================[38;2;250;189;47m%%%[38;2;251;241;199m...[38;2;250;189;47m%%%[38;2;146;131;116m====[38;2;235;219;178m:::[0m
[38;2;235;219;178m:::[38;2;102;92;84m-[38;2;146;131;116m===[38;2;250;189;47m%%%[38;2;251;241;199m...[38;2;250;189;47m%%%[38;2;146;131;116m================[38;2;250;189;47m%%%[38;2;251;241;199m...[38;2;250;189;47m%%%[38;2;146;131;116m====[38;2;235;219;178m:::[0m
[38;2;235;219;178m:::[38;2;102;92;84m-[38;2;146;131;116m===[38;2;250;189;47m%%%[38;2;251;241;199m...[38;2;250;189;47m%%%[38;2;146;131;116m================[38;2;250;189;47m%%%[38;2;251;241;199m...[38;2;250;189;47m%%%[38;2;146;131;116m====[38;2;235;219;178m:::[0m
[38;2;235;219;178m:::[38;2;102;92;84m-[38;2;146;131;116m==================[38;2;251;241;199m....[38;2;146;131;116m===================[38;2;235;219;178m:::[0m
[38;2;235;219;178m:::[38;2;102;92;84m-[38;2;146;131;116m==================[38;2;251;241;199m....[38;2;146;131;116m===================[38;2;235;219;178m:::[0m
[38;2;235;219;178m:::[38;2;102;92;84m-[38;2;146;131;116m===============[38;2;251;241;199m...[38;2;146;131;116m====[38;2;251;241;199m...[38;2;146;131;116m================[38;2;235;219;178m:::[0m
[38;2;102;92;84m---[38;2;146;131;116m================[38;2;251;241;199m...[38;2;146;131;116m====[38;2;251;241;199m...[38;2;146;131;116m================[38;2;102;92;84m---[0m
   [38;2;254;128;25m+[38;2;235;219;178m:::[38;2;146;131;116m==================================[38;2;235;219;178m:::[38;2;146;131;116m=[0m
       [38;2;235;219;178m:::[38;2;146;131;116m============================[38;2;235;219;178m:::[0m
       [38;2;235;219;178m:::[38;2;146;131;116m============================[38;2;235;219;178m:::[0m
          [38;2;235;219;178m::::::::::::::::::::::::[0m
[0m
